=======================================================================
SWMHD WKB LOCAL DISPERSION RELATION REPORT AT r = r0
=======================================================================

### Section 1 — Parameters
Rotation rate (Omega)                     = 5.000000e-05 rad/s
Reference depth (H0)                     = 500.000000 m
Gravitational acceleration (g)            = 9.810000 m/s^2
External vertical magnetic field (B0)     = 5.000000e-04 T
Density (rho0)                            = 1000.000000 kg/m^3
Radial gravity constant (C)               = 0.000000 m^3/s^2
Inner radius (r1)                         = 5.000000e+05 m
Outer radius (r2)                         = 1.000000e+06 m
Coriolis parameter (f)                    = 1.000000e-04 rad/s
Radial mode number (n)                    = 2
Vacuum magnetic permeability (mu0)        = 1.256637e-06 H/m

### Section 2 — Reference radius
r0 = 0.5 * (r1 + r2)                      = 7.500000e+05 m

### Section 3 — Local equilibrium quantities
H_eq(r0)                                  = 5.000000e+02 m
H_eq'(r0)                                 = 1.911315e-04 m/m
Q(r0)                                     = 1.875000e-03 m^2/s^2
omega_A^2(r0)                             = 7.957747e-10 rad^2/s^2

### Section 4 — WKB quantization
k_r = n * pi / (r2 - r1)                  = 1.256637e-05 m^-1
k_r^2                                     = 1.579137e-10 m^-2

### Section 5 — kappa^2(m)
m       kappa^2(m) [m^-2]
----------------------------------------
1       1.596914481952e-10
2       1.650247815285e-10
3       1.739136704174e-10
4       1.863581148619e-10
5       2.023581148619e-10
6       2.219136704174e-10
7       2.450247815285e-10
8       2.716914481952e-10
9       3.019136704174e-10
10      3.356914481952e-10
11      3.730247815285e-10
12      4.139136704174e-10
13      4.583581148619e-10
14      5.063581148619e-10
15      5.579136704174e-10
16      6.130247815285e-10
17      6.716914481952e-10
18      7.339136704174e-10
19      7.996914481952e-10
20      8.690247815285e-10
21      9.419136704174e-10
22      1.018358114862e-09
23      1.098358114862e-09
24      1.181913670417e-09
25      1.269024781529e-09
26      1.359691448195e-09
27      1.453913670417e-09
28      1.551691448195e-09
29      1.653024781529e-09
30      1.757913670417e-09

### Section 6 — Polynomial coefficients
m = 1:
  A_8 = 1.000000000000e+00
  A_7 = 0.000000000000e+00
  A_6 = -8.001034545357e-07
  A_5 = 2.500000000000e-13
  A_4 = 6.034875187284e-15
  A_3 = -1.306337926811e-21
  A_2 = 4.734480900953e-24
  A_1 = 7.915717472058e-31
  A_0 = -3.943207545676e-34

m = 10:
  A_8 = 1.000000000000e+00
  A_7 = 0.000000000000e+00
  A_6 = -1.663383454536e-06
  A_5 = 2.500000000000e-12
  A_4 = 1.260674599820e-14
  A_3 = -1.306337926811e-20
  A_2 = 9.964209525544e-24
  A_1 = 7.915717472058e-30
  A_0 = -8.293536396534e-34

m = 20:
  A_8 = 1.000000000000e+00
  A_7 = 0.000000000000e+00
  A_6 = -4.279383454536e-06
  A_5 = 5.000000000000e-12
  A_4 = 3.252150603127e-14
  A_3 = -2.612675853622e-20
  A_2 = 2.581187202431e-23
  A_1 = 1.583143494412e-29
  A_0 = -2.147635109610e-33

m = 30:
  A_8 = 1.000000000000e+00
  A_7 = 0.000000000000e+00
  A_6 = -8.639383454536e-06
  A_5 = 7.500000000000e-12
  A_4 = 6.571277275306e-14
  A_3 = -3.919013780432e-20
  A_2 = 5.222464285558e-23
  A_1 = 2.374715241617e-29
  A_0 = -4.344770892872e-33

### Section 7 — All roots
m       root_idx   Re(omega) [rad/s]       Im(omega) [rad/s]       Re(omega)/Omega         Im(omega)/Omega         Class
------------------------------------------------------------------------------------------------------------------------
1       0          -8.903720515395e-04     0.000000000000e+00      -17.807441030790        0.000000000000          real_negative
1       1          8.900556181866e-04      0.000000000000e+00      17.801112363732         0.000000000000          real_positive
1       2          -9.122087332287e-05     0.000000000000e+00      -1.824417466457         0.000000000000          real_negative
1       3          9.134392219380e-05      0.000000000000e+00      1.826878443876          0.000000000000          real_positive
1       4          1.582145983003e-07      2.803124037052e-05      0.003164291966          0.560624807410          complex_unstable
1       5          1.582145983003e-07      -2.803124037052e-05     0.003164291966          -0.560624807410         complex_damped
1       6          -8.779286730042e-06     0.000000000000e+00      -0.175585734601         0.000000000000          real_negative
1       7          8.656242015402e-06      0.000000000000e+00      0.173124840308          0.000000000000          real_positive
2       0          -9.050939926345e-04     0.000000000000e+00      -18.101879852690        0.000000000000          real_negative
2       1          9.044814104627e-04      0.000000000000e+00      18.089628209254         0.000000000000          real_positive
2       2          -9.116369274312e-05     0.000000000000e+00      -1.823273854862         0.000000000000          real_negative
2       3          9.140183951079e-05      0.000000000000e+00      1.828036790216          0.000000000000          real_positive
2       4          3.062760252659e-07      2.803730474252e-05      0.006125520505          0.560746094850          complex_unstable
2       5          3.062760252659e-07      -2.803730474252e-05     0.006125520505          -0.560746094850         complex_damped
2       6          -8.836899507730e-06     0.000000000000e+00      -0.176737990155         0.000000000000          real_negative
2       7          8.598782861319e-06      0.000000000000e+00      0.171975657226          0.000000000000          real_positive
3       0          -9.290054600355e-04     0.000000000000e+00      -18.580109200709        0.000000000000          real_negative
3       1          9.281331834023e-04      0.000000000000e+00      18.562663668045         0.000000000000          real_positive
3       2          -9.111379776968e-05     0.000000000000e+00      -1.822275955394         0.000000000000          real_negative
3       3          9.145276504933e-05      0.000000000000e+00      1.829055300987          0.000000000000          real_positive
3       4          4.360949068919e-07      2.804654402415e-05      0.008721898138          0.560930880483          complex_unstable
3       5          4.360949068919e-07      -2.804654402415e-05     0.008721898138          -0.560930880483         complex_damped
3       6          -8.887389239997e-06     0.000000000000e+00      -0.177747784800         0.000000000000          real_negative
3       7          8.548508779745e-06      0.000000000000e+00      0.170970175595          0.000000000000          real_positive
4       0          9.603322975791e-04      0.000000000000e+00      19.206645951583         0.000000000000          real_positive
4       1          -9.614182372722e-04     0.000000000000e+00      -19.228364745444        0.000000000000          real_negative
4       2          9.149473028705e-05      0.000000000000e+00      1.829894605741          0.000000000000          real_positive
4       3          -9.107294753493e-05     0.000000000000e+00      -1.821458950699         0.000000000000          real_negative
4       4          5.428862564605e-07      2.805792930730e-05      0.010857725129          0.561158586146          complex_unstable
4       5          5.428862564605e-07      -2.805792930730e-05     0.010857725129          -0.561158586146         complex_damped
4       6          -8.928874036715e-06     0.000000000000e+00      -0.178577480734         0.000000000000          real_negative
4       7          8.507258464710e-06      0.000000000000e+00      0.170145169294          0.000000000000          real_positive
5       0          1.000255034313e-03      0.000000000000e+00      20.005100686253         0.000000000000          real_positive
5       1          -1.001505854517e-03     0.000000000000e+00      -20.030117090343        0.000000000000          real_negative
5       2          9.152712472149e-05      0.000000000000e+00      1.830542494430          0.000000000000          real_positive
5       3          -9.104157600053e-05     0.000000000000e+00      -1.820831520011         0.000000000000          real_negative
5       4          6.252826464293e-07      2.807042209802e-05      0.012505652929          0.561408441960          complex_unstable
5       5          6.252826464293e-07      -2.807042209802e-05     0.012505652929          -0.561408441960         complex_damped
5       6          -8.960821389639e-06     0.000000000000e+00      -0.179216427793         0.000000000000          real_negative
5       7          8.475527580325e-06      0.000000000000e+00      0.169510551607          0.000000000000          real_positive
6       0          1.047018496792e-03      0.000000000000e+00      20.940369935849         0.000000000000          real_positive
6       1          -1.048388025557e-03     0.000000000000e+00      -20.967760511138        0.000000000000          real_negative
6       2          9.155042095467e-05      0.000000000000e+00      1.831008419093          0.000000000000          real_positive
6       3          -9.101910155685e-05     0.000000000000e+00      -1.820382031137         0.000000000000          real_negative
6       4          6.845974580461e-07      2.808314992654e-05      0.013691949161          0.561662998531          complex_unstable
6       5          6.845974580461e-07      -2.808314992654e-05     0.013691949161          -0.561662998531         complex_damped
6       6          -8.983754897504e-06     0.000000000000e+00      -0.179675097950         0.000000000000          real_negative
6       7          8.452769348057e-06      0.000000000000e+00      0.169055386961          0.000000000000          real_positive
7       0          -1.101197783194e-03     0.000000000000e+00      -22.023955663889        0.000000000000          real_negative
7       1          1.099749863114e-03      0.000000000000e+00      21.994997262282         0.000000000000          real_positive
7       2          -9.100434607696e-05     0.000000000000e+00      -1.820086921539         0.000000000000          real_negative
7       3          9.156575594794e-05      0.000000000000e+00      1.831315118959          0.000000000000          real_positive
7       4          7.237632008850e-07      2.809548122495e-05      0.014475264018          0.561909624499          complex_unstable
7       5          7.237632008850e-07      -2.809548122495e-05     0.014475264018          -0.561909624499         complex_damped
7       6          -8.998832672413e-06     0.000000000000e+00      -0.179976653448         0.000000000000          real_negative
7       7          8.437816479987e-06      0.000000000000e+00      0.168756329600          0.000000000000          real_positive
8       0          -1.159126131754e-03     0.000000000000e+00      -23.182522635071        0.000000000000          real_negative
8       1          1.157632962793e-03      0.000000000000e+00      23.152659255869         0.000000000000          real_positive
8       2          -9.099590380318e-05     0.000000000000e+00      -1.819918076064         0.000000000000          real_negative
8       3          9.157454336093e-05      0.000000000000e+00      1.831490867219          0.000000000000          real_positive
8       4          7.463690298811e-07      2.810702111494e-05      0.014927380598          0.562140422299          complex_unstable
8       5          7.463690298811e-07      -2.810702111494e-05     0.014927380598          -0.562140422299         complex_damped
8       6          -9.007466747815e-06     0.000000000000e+00      -0.180149334956         0.000000000000          real_negative
8       7          8.429258090439e-06      0.000000000000e+00      0.168585161809          0.000000000000          real_positive
9       0          -1.221446067969e-03     0.000000000000e+00      -24.428921359385        0.000000000000          real_negative
9       1          1.219933641761e-03      0.000000000000e+00      24.398672835213         0.000000000000          real_positive
9       2          -9.099239270516e-05     0.000000000000e+00      -1.819847854103         0.000000000000          real_negative
9       3          9.157819988441e-05      0.000000000000e+00      1.831563997688          0.000000000000          real_positive
9       4          7.559896094510e-07      2.811756606181e-05      0.015119792189          0.562351321236          complex_unstable
9       5          7.559896094510e-07      -2.811756606181e-05     0.015119792189          -0.562351321236         complex_damped
9       6          -9.011059206684e-06     0.000000000000e+00      -0.180221184134         0.000000000000          real_negative
9       7          8.425699017113e-06      0.000000000000e+00      0.168513980342          0.000000000000          real_positive
10      0          1.286008998663e-03      0.000000000000e+00      25.720179973269         0.000000000000          real_positive
10      1          -1.287521072495e-03     0.000000000000e+00      -25.750421449895        0.000000000000          real_negative
10      2          9.157799240174e-05      0.000000000000e+00      1.831559848035          0.000000000000          real_positive
10      3          -9.099258988977e-05     0.000000000000e+00      -1.819851797795         0.000000000000          real_negative
10      4          7.558139312874e-07      2.812704805746e-05      0.015116278626          0.562540961149          complex_unstable
10      5          7.558139312874e-07      -2.812704805746e-05     0.015116278626          -0.562540961149         complex_damped
10      6          -9.010857452955e-06     0.000000000000e+00      -0.180217149059         0.000000000000          real_negative
10      7          8.425900909676e-06      0.000000000000e+00      0.168518018194          0.000000000000          real_positive
11      0          1.355306139861e-03      0.000000000000e+00      27.106122797228         0.000000000000          real_positive
11      1          -1.356803569131e-03     0.000000000000e+00      -27.136071382618        0.000000000000          real_negative
11      2          9.157497659025e-05      0.000000000000e+00      1.831499531805          0.000000000000          real_positive
11      3          -9.099548242096e-05     0.000000000000e+00      -1.819909648419         0.000000000000          real_negative
11      4          7.484983694454e-07      2.813548511028e-05      0.014969967389          0.562709702206          complex_unstable
11      5          7.484983694454e-07      -2.813548511028e-05     0.014969967389          -0.562709702206         complex_damped
11      6          -9.007897910257e-06     0.000000000000e+00      -0.180157958205         0.000000000000          real_negative
11      7          8.428836271552e-06      0.000000000000e+00      0.168576725431          0.000000000000          real_positive
12      0          1.427355109277e-03      0.000000000000e+00      28.547102185537         0.000000000000          real_positive
12      1          -1.428827832368e-03     0.000000000000e+00      -28.576556647361        0.000000000000          real_negative
12      2          9.156999147740e-05      0.000000000000e+00      1.831399829548          0.000000000000          real_positive
12      3          -9.100026776970e-05     0.000000000000e+00      -1.820005355394         0.000000000000          real_negative
12      4          7.361560611754e-07      2.814294386086e-05      0.014723121224          0.562858877217          complex_unstable
12      5          7.361560611754e-07      -2.814294386086e-05     0.014723121224          -0.562858877217         complex_damped
12      6          -9.003003060387e-06     0.000000000000e+00      -0.180060061208         0.000000000000          real_negative
12      7          8.433690321539e-06      0.000000000000e+00      0.168673806431          0.000000000000          real_positive
13      0          1.501759241816e-03      0.000000000000e+00      30.035184836325         0.000000000000          real_positive
13      1          -1.503200454934e-03     0.000000000000e+00      -30.064009098689        0.000000000000          real_negative
13      2          9.156368199244e-05      0.000000000000e+00      1.831273639849          0.000000000000          real_positive
13      3          -9.100632981493e-05     0.000000000000e+00      -1.820126596299         0.000000000000          real_negative
13      4          7.204141900442e-07      2.814951415320e-05      0.014408283801          0.562990283064          complex_unstable
13      5          7.204141900442e-07      -2.814951415320e-05     0.014408283801          -0.562990283064         complex_damped
13      6          -8.996804764902e-06     0.000000000000e+00      -0.179936095298         0.000000000000          real_negative
13      7          8.439837325502e-06      0.000000000000e+00      0.168796746510          0.000000000000          real_positive
14      0          1.578184942136e-03      0.000000000000e+00      31.563698842727         0.000000000000          real_positive
14      1          -1.579590290117e-03     0.000000000000e+00      -31.591805802343        0.000000000000          real_negative
14      2          9.155653170108e-05      0.000000000000e+00      1.831130634022          0.000000000000          real_positive
14      3          -9.101320651372e-05     0.000000000000e+00      -1.820264130274         0.000000000000          real_negative
14      4          7.024957951395e-07      2.815529310015e-05      0.014049915903          0.563105862003          complex_unstable
14      5          7.024957951395e-07      -2.815529310015e-05     0.014049915903          -0.563105862003         complex_damped
14      6          -8.989776857369e-06     0.000000000000e+00      -0.179795537147         0.000000000000          real_negative
14      7          8.446808060544e-06      0.000000000000e+00      0.168936161211          0.000000000000          real_positive
15      0          1.656351982235e-03      0.000000000000e+00      33.127039644704         0.000000000000          real_positive
15      1          -1.657718915206e-03     0.000000000000e+00      -33.154378304127        0.000000000000          real_negative
15      2          9.154889607199e-05      0.000000000000e+00      1.830977921440          0.000000000000          real_positive
15      3          -9.102055779682e-05     0.000000000000e+00      -1.820411155936         0.000000000000          real_negative
15      4          6.833026412434e-07      2.816037586383e-05      0.013666052825          0.563207517277          complex_unstable
15      5          6.833026412434e-07      -2.816037586383e-05     0.013666052825          -0.563207517277         complex_damped
15      6          -8.982267886307e-06     0.000000000000e+00      -0.179645357726         0.000000000000          real_negative
15      7          8.454257299796e-06      0.000000000000e+00      0.169085145996          0.000000000000          real_positive
16      0          1.736024824785e-03      0.000000000000e+00      34.720496495703         0.000000000000          real_positive
16      1          -1.737352101661e-03     0.000000000000e+00      -34.747042033211        0.000000000000          real_negative
16      2          9.154103191556e-05      0.000000000000e+00      1.830820638311          0.000000000000          real_positive
16      3          -9.102813744998e-05     0.000000000000e+00      -1.820562749000         0.000000000000          real_negative
16      4          6.634885507626e-07      2.816485083542e-05      0.013269771015          0.563297016708          complex_unstable
16      5          6.634885507626e-07      -2.816485083542e-05     0.013269771015          -0.563297016708         complex_damped
16      6          -8.974529944416e-06     0.000000000000e+00      -0.179490598888         0.000000000000          real_negative
16      7          8.461935252732e-06      0.000000000000e+00      0.169238705055          0.000000000000          real_positive
17      0          1.817005134262e-03      0.000000000000e+00      36.340102685238         0.000000000000          real_positive
17      1          -1.818292447255e-03     0.000000000000e+00      -36.365848945095        0.000000000000          real_negative
17      2          9.153312161143e-05      0.000000000000e+00      1.830662432229          0.000000000000          real_positive
17      3          -9.103577008852e-05     0.000000000000e+00      -1.820715401770         0.000000000000          real_negative
17      4          6.435198308089e-07      2.816879752877e-05      0.012870396616          0.563375950575          complex_unstable
17      5          6.435198308089e-07      -2.816879752877e-05     0.012870396616          -0.563375950575         complex_damped
17      6          -8.966742337680e-06     0.000000000000e+00      -0.179334846754         0.000000000000          real_negative
17      7          8.469664146008e-06      0.000000000000e+00      0.169393282920          0.000000000000          real_positive
18      0          1.899125453371e-03      0.000000000000e+00      37.982509067423         0.000000000000          real_positive
18      1          -1.900373148093e-03     0.000000000000e+00      -38.007462961857        0.000000000000          real_negative
18      2          9.152529220590e-05      0.000000000000e+00      1.830505844118          0.000000000000          real_positive
18      3          -9.104333304773e-05     0.000000000000e+00      -1.820866660955         0.000000000000          real_negative
18      4          6.237229975733e-07      2.817228605526e-05      0.012474459951          0.563445721105          complex_unstable
18      5          6.237229975733e-07      -2.817228605526e-05     0.012474459951          -0.563445721105         complex_damped
18      6          -8.959030224080e-06     0.000000000000e+00      -0.179180604482         0.000000000000          real_negative
18      7          8.477319792455e-06      0.000000000000e+00      0.169546395849          0.000000000000          real_positive
19      0          1.982243935414e-03      0.000000000000e+00      39.644878708285         0.000000000000          real_positive
19      1          -1.983452804466e-03     0.000000000000e+00      -39.669056089310        0.000000000000          real_negative
19      2          9.151763006114e-05      0.000000000000e+00      1.830352601223          0.000000000000          real_positive
19      3          -9.105074249916e-05     0.000000000000e+00      -1.821014849983         0.000000000000          real_negative
19      4          6.043214696870e-07      2.817537745870e-05      0.012086429394          0.563507549174          complex_unstable
19      5          6.043214696870e-07      -2.817537745870e-05     0.012086429394          -0.563507549174         complex_damped
19      6          -8.951478908512e-06     0.000000000000e+00      -0.179029578170         0.000000000000          real_negative
19      7          8.484817458435e-06      0.000000000000e+00      0.169696349169          0.000000000000          real_positive
20      0          2.066239991845e-03      0.000000000000e+00      41.324799836899         0.000000000000          real_positive
20      1          -2.067411123925e-03     0.000000000000e+00      -41.348222478496        0.000000000000          real_negative
20      2          9.151019189374e-05      0.000000000000e+00      1.830203837875          0.000000000000          real_positive
20      3          -9.105794298348e-05     0.000000000000e+00      -1.821158859670         0.000000000000          real_negative
20      4          5.854632889045e-07      2.817812447089e-05      0.011709265778          0.563562489418          complex_unstable
20      5          5.854632889045e-07      -2.817812447089e-05     0.011709265778          -0.563562489418         complex_damped
20      6          -8.944144618413e-06     0.000000000000e+00      -0.178882892368         0.000000000000          real_negative
20      7          8.492101210145e-06      0.000000000000e+00      0.169842024203          0.000000000000          real_positive
21      0          2.151010712087e-03      0.000000000000e+00      43.020214241737         0.000000000000          real_positive
21      1          -2.152145382550e-03     0.000000000000e+00      -43.042907650999        0.000000000000          real_negative
21      2          9.150301299432e-05      0.000000000000e+00      1.830060259886          0.000000000000          real_positive
21      3          -9.106489960665e-05     0.000000000000e+00      -1.821297992133         0.000000000000          real_negative
21      4          5.672418176727e-07      2.818057243136e-05      0.011344836353          0.563611448627          complex_unstable
21      5          5.672418176727e-07      -2.818057243136e-05     0.011344836353          -0.563611448627         complex_damped
21      6          -8.937062533244e-06     0.000000000000e+00      -0.178741250665         0.000000000000          real_negative
21      7          8.499135973323e-06      0.000000000000e+00      0.169982719466          0.000000000000          real_positive
22      0          2.236467924332e-03      0.000000000000e+00      44.729358486643         0.000000000000          real_positive
22      1          -2.237567516444e-03     0.000000000000e+00      -44.751350328879        0.000000000000          real_negative
22      2          9.149611329812e-05      0.000000000000e+00      1.829922265962          0.000000000000          real_positive
22      3          -9.107159226590e-05     0.000000000000e+00      -1.821431845318         0.000000000000          real_negative
22      4          5.497110696048e-07      2.818276022832e-05      0.010994221392          0.563655204566          complex_unstable
22      5          5.497110696048e-07      -2.818276022832e-05     0.010994221392          -0.563655204566         complex_damped
22      6          -8.930252720675e-06     0.000000000000e+00      -0.178605054414         0.000000000000          real_negative
22      7          8.505901661030e-06      0.000000000000e+00      0.170118033221          0.000000000000          real_positive
23      0          2.322535783007e-03      0.000000000000e+00      46.450715660150         0.000000000000          real_positive
23      1          -2.323601731805e-03     0.000000000000e+00      -46.472034636105        0.000000000000          real_negative
23      2          9.148950184288e-05      0.000000000000e+00      1.829790036858          0.000000000000          real_positive
23      3          -9.107801140028e-05     0.000000000000e+00      -1.821560228006         0.000000000000          real_negative
23      4          5.328970007388e-07      2.818472118694e-05      0.010657940015          0.563694423739          complex_unstable
23      5          5.328970007388e-07      -2.818472118694e-05     0.010657940015          -0.563694423739         complex_damped
23      6          -8.923724500842e-06     0.000000000000e+00      -0.178474490017         0.000000000000          real_negative
23      7          8.512388854556e-06      0.000000000000e+00      0.170247777091          0.000000000000          real_positive
24      0          2.409148786429e-03      0.000000000000e+00      48.182975728577         0.000000000000          real_positive
24      1          -2.410182539161e-03     0.000000000000e+00      -48.203650783222        0.000000000000          real_negative
24      2          9.148318002811e-05      0.000000000000e+00      1.829663600562          0.000000000000          real_positive
24      3          -9.108415487568e-05     0.000000000000e+00      -1.821683097514         0.000000000000          real_negative
24      4          5.168057907988e-07      2.818648387149e-05      0.010336115816          0.563729677430          complex_unstable
24      5          5.168057907988e-07      -2.818648387149e-05     0.010336115816          -0.563729677430         complex_damped
24      6          -8.917479641482e-06     0.000000000000e+00      -0.178349592830         0.000000000000          real_negative
24      7          8.518595639695e-06      0.000000000000e+00      0.170371912794          0.000000000000          real_positive
25      0          2.496250144773e-03      0.000000000000e+00      49.925002895465         0.000000000000          real_positive
25      1          -2.497253133453e-03     0.000000000000e+00      -49.945062669058        0.000000000000          real_negative
25      2          9.147714398920e-05      0.000000000000e+00      1.829542879784          0.000000000000          real_positive
25      3          -9.109002570912e-05     0.000000000000e+00      -1.821800514182         0.000000000000          real_negative
25      4          5.014298955815e-07      2.818807279013e-05      0.010028597912          0.563761455803          complex_unstable
25      5          5.014298955815e-07      -2.818807279013e-05     0.010028597912          -0.563761455803         complex_damped
25      6          -8.911514688916e-06     0.000000000000e+00      -0.178230293778         0.000000000000          real_negative
25      7          8.524525297330e-06      0.000000000000e+00      0.170490505947          0.000000000000          real_positive
26      0          2.583790433020e-03      0.000000000000e+00      51.675808660409         0.000000000000          real_positive
26      1          -2.584764055801e-03     0.000000000000e+00      -51.695281116020        0.000000000000          real_negative
26      2          9.147138632067e-05      0.000000000000e+00      1.829427726413          0.000000000000          real_positive
26      3          -9.109563041161e-05     0.000000000000e+00      -1.821912608232         0.000000000000          real_negative
26      4          4.867524554633e-07      2.818950900406e-05      0.009735049109          0.563790180081          complex_unstable
26      5          4.867524554633e-07      -2.818950900406e-05     0.009735049109          -0.563790180081         complex_damped
26      6          -8.905822662724e-06     0.000000000000e+00      -0.178116453254         0.000000000000          real_negative
26      7          8.530184623295e-06      0.000000000000e+00      0.170603692466          0.000000000000          real_positive
27      0          2.671726475788e-03      0.000000000000e+00      53.434529515760         0.000000000000          real_positive
27      1          -2.672672084741e-03     0.000000000000e+00      -53.453441694812        0.000000000000          real_negative
27      2          9.146589732178e-05      0.000000000000e+00      1.829317946436          0.000000000000          real_positive
27      3          -9.110097778582e-05     0.000000000000e+00      -1.822019555716         0.000000000000          real_negative
27      4          4.727504944948e-07      2.819081064796e-05      0.009455009890          0.563816212959          complex_unstable
27      5          4.727504944948e-07      -2.819081064796e-05     0.009455009890          -0.563816212959         complex_damped
27      6          -8.900394283056e-06     0.000000000000e+00      -0.178007885661         0.000000000000          real_negative
27      7          8.535582710685e-06      0.000000000000e+00      0.170711654214          0.000000000000          real_positive
28      0          2.760020421122e-03      0.000000000000e+00      55.200408422436         0.000000000000          real_positive
28      1          -2.760939314635e-03     0.000000000000e+00      -55.218786292701        0.000000000000          real_negative
28      2          9.146066589244e-05      0.000000000000e+00      1.829213317849          0.000000000000          real_positive
28      3          -9.110607805773e-05     0.000000000000e+00      -1.822121561155         0.000000000000          real_negative
28      4          4.593972310969e-07      2.819199337183e-05      0.009187944622          0.563839867437          complex_unstable
28      5          4.593972310969e-07      -2.819199337183e-05     0.009187944622          -0.563839867437         complex_damped
28      6          -8.895218855160e-06     0.000000000000e+00      -0.177904377103         0.000000000000          real_negative
28      7          8.540730071507e-06      0.000000000000e+00      0.170814601430          0.000000000000          real_positive
29      0          -2.849532387067e-03     0.000000000000e+00      -56.990647741346        0.000000000000          real_negative
29      1          2.848638968569e-03      0.000000000000e+00      56.972779371390         0.000000000000          real_positive
29      2          -9.111094225336e-05     0.000000000000e+00      -1.822218845067         0.000000000000          real_negative
29      3          9.145568017315e-05      0.000000000000e+00      1.829113603463          0.000000000000          real_positive
29      4          4.466637368584e-07      2.819307071433e-05      0.008933274737          0.563861414287          complex_unstable
29      5          4.466637368584e-07      -2.819307071433e-05     0.008933274737          -0.563861414287         complex_damped
29      6          -8.890284902768e-06     0.000000000000e+00      -0.177805698055         0.000000000000          real_negative
29      7          8.545638007089e-06      0.000000000000e+00      0.170912760142          0.000000000000          real_positive
30      0          2.937552723549e-03      0.000000000000e+00      58.751054470989         0.000000000000          real_positive
30      1          -2.938421847570e-03     0.000000000000e+00      -58.768436951405        0.000000000000          real_negative
30      2          9.145092799805e-05      0.000000000000e+00      1.829018559961          0.000000000000          real_positive
30      3          -9.111558175509e-05     0.000000000000e+00      -1.822311635102         0.000000000000          real_negative
30      4          4.345201174072e-07      2.819405441761e-05      0.008690402348          0.563881088352          complex_unstable
30      5          4.345201174072e-07      -2.819405441761e-05     0.008690402348          -0.563881088352         complex_damped
30      6          -8.885580617664e-06     0.000000000000e+00      -0.177711612353         0.000000000000          real_negative
30      7          8.550318160693e-06      0.000000000000e+00      0.171006363214          0.000000000000          real_positive

### Section 8 — Residuals
m       Max Normalized Residual
----------------------------------------
1       1.394854073134e-24
2       8.589636080794e-25
3       1.381809941016e-24
4       3.957350147475e-24
5       5.187746638234e-24
6       1.236965699685e-23
7       6.208449043702e-24
8       1.511421474935e-23
9       8.606276116939e-24
10      3.407364505729e-23
11      4.060004957842e-23
12      3.088322985621e-23
13      7.069283682764e-23
14      1.879517687284e-22
15      3.648620886737e-22
16      3.557737424102e-22
17      3.320850529932e-22
18      4.716164171543e-22
19      2.400704956696e-22
20      2.091629914864e-21
21      6.469067220704e-22
22      4.615288387833e-21
23      3.226430832400e-21
24      5.589590632861e-21
25      9.554125592647e-21
26      1.494972814923e-20
27      9.907594739284e-21
28      6.439629104870e-21
29      8.597916093584e-21
30      1.432081331690e-20

### Section 9 — Root classification
Summary count of classes across all 240 roots:
  complex_damped          : 30
  complex_unstable        : 30
  real_negative           : 90
  real_positive           : 90

### Section 10 — Algebraic verification
Verification of kappa^2 Direct vs. Polynomial at r = r0 (with m=10):
Trial 1 (omega = 0.5+0.2j + 0.2i * Omega):
  kappa^2 Direct     = (1.3505345459228874e-12+3.0705460813658275e-12j)
  kappa^2 Polynomial = (1.3505345459228862e-12+3.0705460813658283e-12j)
  Relative error      = 4.341336115164e-16
Trial 2 (omega = 1.0+0.3j + 0.3i * Omega):
  kappa^2 Direct     = (1.608139952447738e-12-8.371290124520256e-13j)
  kappa^2 Polynomial = (1.6081399524477383e-12-8.371290124520258e-13j)
  Relative error      = 2.490761909121e-16
Trial 3 (omega = 2.0-0.5j + -0.5i * Omega):
  kappa^2 Direct     = (4.562490919771157e-12+3.1171836641824873e-12j)
  kappa^2 Polynomial = (4.562490919771158e-12+3.1171836641824865e-12j)
  Relative error      = 2.067423887392e-16
